FACTOR ARRAY	ADD	      APPEND	      GET	        REMOVE
100	          0,000998	  0,003984	  0,000998	  0,005006
1000	        0,013962	  0,210439	  0,010006	  0,43385
10000	        0,209454	  28,213442	  0,163564	  72,491193
				
VECTOR ARRAY	ADD	      APPEND	      GET	        REMOVE
100	          0,001997	  0,004029	  0,000957	  0,006984
1000	        0,011931	  0,212468	  0,007979	  0,468439
10000	        0,137632	  27,049765	  0,109802	  66,826992
				
SINGLE ARRAY	ADD	        APPEND	    GET	        REMOVE
100	          0,004868	  0,008978	  0,000998	  0,004986
1000	        0,461848	  0,697713	  0,014696	  0,70524
10000	        38,898692	  69,441233	  0,156585	  68,669064
